Multiple size <= 100
TEST 1 ARG:63 18 9 71 16 39 97 86 12 13 94 38 32 19 82 4 34 47 41 10 62 43 83 95 61 74 70 15 73 85 88 66 29 87 35 58 5 7 0 2 33 84 6 98 92 44 68 37 45 72 59 55 48 25 3 17 1 81 23 24 96 26 56 11 54 30 79 52 57 53 36 21 77 14 60 90 78 99 20 49 69 76 8 75 89 67 31 42 65 28 27 40 80 50 46 91 51 22 93 64
TEST 2 ARG:19 97 50 75 14 5 38 62 27 47 89 59 61 48 58 29 11 93 17 16 95 70 73 81 83 40 25 82 56 21 96 51 0 22 15 66 3 94 28 54 80 1 46 85 37 69 65 76 34 67 77 30 92 6 20 8 71 79 84 42 35 7 57 41 98 55 64 45 72 78 68 91 24 10 23 9 32 53 49 26 63 4 90 39 60 13 36 12 74 99 52 43 33 44 31 86 18 88 2 87
TEST 3 ARG:68 5 75 46 12 34 26 37 28 0 97 76 95 16 89 17 31 67 40 61 86 64 63 93 20 44 99 48 7 62 54 96 73 83 71 38 23 66 3 56 21 30 25 82 10 79 78 60 77 43 85 70 27 84 53 52 94 92 69 50 81 9 14 65 80 6 87 33 91 98 57 8 72 47 45 88 36 11 59 90 13 22 58 19 15 42 55 74 39 24 1 51 29 41 2 4 32 35 18 49
TEST 4 ARG:84 98 79 96 45 97 31 0 5 87 77 1 12 91 83 61 73 37 92 41 34 38 66 22 99 76 15 74 10 62 95 80 29 72 85 65 89 2 55 44 90 23 19 6 71 69 33 54 58 93 67 82 25 27 11 32 94 35 48 7 24 16 64 78 14 17 68 18 59 46 60 39 52 75 43 20 53 47 28 30 8 36 3 57 21 81 88 4 9 50 51 86 13 26 49 63 42 70 56 40
TEST 5 ARG:41 71 36 7 46 45 20 91 5 38 43 27 47 54 72 92 67 39 42 51 25 82 33 22 53 99 77 81 6 97 19 62 11 69 98 83 63 32 95 0 40 66 37 30 86 73 23 74 87 18 84 21 9 31 70 61 88 8 64 48 75 15 79 96 13 59 89 1 58 16 80 93 26 28 44 29 55 24 34 65 4 49 12 90 57 17 35 85 2 76 3 10 14 56 60 94 52 78 50 68
TEST 6 ARG:66 80 88 95 86 90 14 10 58 1 82 59 12 47 43 72 34 49 5 63 40 67 3 46 52 97 4 8 35 7 51 91 20 50 6 56 74 25 61 81 37 84 2 64 87 96 13 79 94 39 28 9 48 29 42 62 78 98 16 19 24 18 54 68 17 75 55 36 26 33 60 70 41 69 93 71 22 77 0 57 21 53 85 92 31 32 15 45 73 44 11 76 23 89 38 65 83 99 27 30
TEST 7 ARG:62 69 95 34 40 98 13 35 78 9 57 10 87 94 63 27 68 4 70 90 29 23 58 82 91 85 5 86 12 74 47 56 51 53 72 50 79 41 44 25 77 80 15 92 81 43 39 11 89 59 46 67 83 6 71 99 66 28 65 1 36 26 64 31 37 30 38 61 16 75 45 52 17 55 33 42 20 2 88 96 73 14 3 21 84 76 32 8 24 7 48 97 93 22 60 49 0 19 54 18
TEST 8 ARG:17 42 51 96 46 34 99 80 91 16 2 57 75 40 0 28 29 7 13 30 18 93 33 94 82 35 1 43 59 14 98 84 77 41 73 87 24 10 49 90 54 27 64 6 15 21 89 8 78 85 55 65 36 22 69 81 88 12 66 74 19 58 62 48 92 86 68 4 26 9 3 23 45 56 95 67 61 60 38 25 31 52 37 32 47 53 63 50 11 72 20 70 76 71 97 39 83 5 44 79
TEST 9 ARG:96 6 12 74 44 29 84 9 30 63 43 75 66 57 19 64 60 2 56 58 88 37 94 81 53 27 45 82 69 46 70 28 90 52 97 10 23 91 68 85 17 73 61 80 95 65 18 38 25 92 26 35 77 47 4 34 48 22 41 7 54 71 5 62 39 55 8 40 93 36 98 15 31 50 16 87 1 49 0 89 51 59 20 76 21 78 24 42 3 99 33 11 83 32 72 86 13 79 14 67
TEST 10 ARG:88 60 22 53 13 32 10 56 58 66 14 9 79 51 90 65 64 94 48 20 3 33 61 41 89 23 43 47 74 34 91 63 85 52 42 17 21 31 26 27 84 35 16 70 49 40 29 24 62 78 99 92 72 59 44 54 39 15 87 69 95 55 38 5 83 76 97 1 0 2 18 81 4 28 68 25 82 71 80 67 37 98 57 86 77 50 75 73 19 96 12 11 93 45 30 36 46 7 6 8
TEST 11 ARG:53 81 10 6 15 91 51 17 5 63 60 55 32 74 14 98 96 54 46 44 0 71 31 18 95 56 67 40 87 3 85 75 93 79 8 94 16 70 99 43 37 12 92 68 36 84 25 22 59 33 86 42 65 19 47 34 50 66 80 2 48 69 24 62 30 61 64 58 1 11 41 35 45 26 89 49 57 39 52 82 77 90 28 38 4 13 20 73 9 76 21 78 29 83 27 72 23 88 97 7
TEST 12 ARG:62 82 14 97 1 90 79 15 40 83 95 20 28 43 49 88 34 19 78 38 71 18 58 66 27 41 89 37 2 61 70 17 56 77 64 52 73 63 22 94 0 91 4 85 12 29 23 13 87 92 99 16 68 32 98 42 81 10 67 96 46 5 35 33 6 26 53 75 86 80 72 45 55 11 69 31 36 39 50 48 51 59 54 57 24 8 47 65 30 76 25 93 60 21 74 9 84 3 7 44
TEST 13 ARG:83 84 6 39 94 97 55 9 17 96 92 46 22 50 41 61 0 36 10 8 69 19 67 73 77 20 57 72 32 5 85 49 4 33 44 2 68 11 48 79 26 27 15 1 90 63 93 70 53 62 52 40 38 21 81 47 86 31 25 34 78 45 75 82 56 80 71 51 87 28 42 60 23 58 99 18 91 29 30 16 95 3 24 76 13 89 35 74 7 37 12 64 88 14 43 65 54 66 59 98
TEST 14 ARG:54 60 68 13 95 62 18 71 35 56 12 53 39 64 50 16 5 4 82 66 51 99 52 85 67 79 94 87 31 36 97 43 92 29 17 78 40 7 70 33 74 26 83 34 57 41 27 49 73 59 44 47 23 76 42 11 3 84 81 55 80 20 86 93 9 28 91 8 6 21 22 89 46 19 45 48 1 10 75 96 88 30 98 65 90 0 32 37 77 25 63 38 69 61 15 24 14 58 2 72
TEST 15 ARG:8 5 15 53 65 71 1 57 84 83 34 43 29 35 23 31 30 87 68 88 64 40 99 66 63 0 78 59 38 44 98 2 89 9 13 14 49 12 69 77 4 48 52 46 27 73 92 11 55 70 80 32 96 47 75 60 85 79 62 72 22 26 90 82 61 19 18 97 37 39 10 67 42 45 50 51 41 94 28 17 58 24 20 25 74 81 16 7 86 54 3 95 36 21 6 91 33 76 56 93
TEST 16 ARG:52 81 17 69 49 16 43 65 60 29 51 62 2 30 58 9 22 80 14 46 35 94 73 11 57 37 7 54 5 84 47 79 12 45 48 78 70 88 36 83 97 96 74 85 42 75 66 8 82 90 26 50 6 28 67 93 53 0 4 41 72 34 31 95 21 19 10 63 15 77 99 3 64 38 1 18 40 98 68 71 87 25 92 61 32 76 56 27 39 44 89 91 55 23 33 13 20 24 59 86
TEST 17 ARG:50 39 53 83 59 92 29 73 58 71 24 48 79 8 56 90 99 94 66 32 6 82 64 91 77 10 57 74 97 12 3 21 31 1 36 81 38 17 20 78 76 23 19 14 16 95 65 0 63 22 30 67 40 49 62 47 80 93 69 43 84 37 51 11 33 85 9 34 89 70 41 86 46 15 25 4 13 7 75 28 54 52 60 44 26 35 98 96 42 87 27 18 55 68 61 72 45 2 5 88
TEST 18 ARG:78 17 79 59 22 29 52 15 72 76 69 89 1 23 8 98 57 90 42 34 39 4 40 67 86 68 2 25 38 31 10 6 0 37 24 13 94 43 95 96 51 77 30 26 7 50 32 3 45 53 83 55 99 47 70 63 56 28 74 49 18 48 16 54 84 64 85 12 14 41 33 88 11 65 36 20 35 87 92 60 66 82 46 81 62 75 97 58 19 71 27 5 91 44 9 93 21 73 61 80
TEST 19 ARG:37 66 43 9 52 54 94 21 11 73 39 76 80 38 93 81 55 89 41 82 42 91 30 29 64 87 92 67 46 22 12 20 2 28 59 98 88 33 18 95 26 60 23 0 34 3 71 15 61 7 4 17 62 8 6 77 36 10 31 47 50 78 83 25 96 75 51 49 58 65 70 63 85 97 86 44 1 68 35 45 13 24 40 14 69 99 48 74 79 72 27 56 84 57 53 16 32 90 19 5
TEST 20 ARG:6 9 99 97 55 39 14 74 13 5 91 58 98 43 17 87 4 86 63 52 90 22 19 96 31 25 41 70 50 26 57 11 93 64 45 18 30 84 85 75 0 16 42 67 47 78 48 60 92 44 80 89 2 59 53 40 82 56 72 83 10 71 23 32 94 35 65 73 68 38 54 7 33 27 37 3 81 36 95 69 79 76 15 66 1 51 34 12 24 29 20 61 62 77 8 88 49 21 28 46
TEST 21 ARG:46 17 66 26 86 8 80 71 14 99 54 27 73 2 15 39 98 52 22 32 85 37 16 21 56 84 93 60 44 82 40 6 53 9 23 48 11 64 43 59 0 51 83 94 89 18 62 7 88 1 47 3 97 28 34 30 63 20 92 41 38 65 75 29 72 33 69 19 77 81 61 90 12 79 68 42 24 57 55 70 78 4 96 31 95 13 36 5 10 87 45 74 67 91 58 25 35 49 50 76
TEST 22 ARG:68 5 66 31 6 34 95 71 48 28 26 32 72 15 90 16 92 3 91 57 55 99 73 58 18 60 35 41 85 76 12 30 86 97 74 89 63 70 13 4 80 37 87 49 81 19 83 9 61 40 98 93 79 53 52 69 54 59 77 29 27 11 8 51 23 88 44 36 50 42 67 84 33 17 14 45 82 1 62 2 64 0 25 20 24 21 39 65 10 38 94 43 22 46 96 78 75 47 56 7
TEST 23 ARG:53 28 76 26 38 39 61 78 86 71 73 33 79 5 85 70 80 95 6 68 94 2 49 34 51 7 24 18 0 72 12 63 87 20 13 1 89 74 11 10 8 83 58 36 3 31 82 35 15 4 45 25 42 75 30 65 67 62 96 41 23 97 69 84 37 50 14 93 59 16 21 55 77 57 22 88 19 91 66 17 52 43 81 98 64 90 48 27 44 9 46 54 47 99 92 40 29 56 32 60
TEST 24 ARG:53 44 14 19 42 85 98 48 66 0 90 38 36 52 12 60 68 32 87 9 3 50 31 23 80 28 10 72 82 4 33 81 43 30 70 76 83 93 20 25 18 7 21 89 26 55 73 84 58 77 69 29 65 64 95 94 34 35 5 62 96 6 49 99 2 46 41 57 11 86 39 37 8 17 67 15 71 1 13 54 27 59 24 78 63 16 74 75 22 51 91 97 40 88 61 79 47 45 56 92
TEST 25 ARG:59 27 4 46 93 81 31 29 47 20 44 48 75 2 80 85 84 39 86 50 18 6 1 23 30 77 64 22 55 32 88 78 25 79 24 66 42 60 62 54 12 70 11 95 10 82 38 73 37 94 51 92 58 72 83 67 49 26 71 7 0 14 91 28 45 68 34 76 63 5 16 98 43 19 87 90 36 41 96 57 69 89 56 33 17 74 65 13 3 35 15 61 53 52 9 97 21 8 99 40
TEST 26 ARG:9 26 20 41 0 70 54 72 45 84 42 96 40 94 71 46 59 2 99 65 98 27 61 63 77 33 92 67 87 95 43 12 18 34 11 97 80 48 60 29 47 39 58 55 78 75 69 4 13 91 85 28 32 76 7 51 49 22 81 50 53 90 38 35 23 31 62 56 68 19 17 8 5 89 21 10 66 88 52 6 14 83 25 79 74 24 86 64 44 93 30 57 73 1 37 36 16 82 3 15
TEST 27 ARG:28 90 32 83 10 49 17 20 55 29 40 34 59 68 53 47 74 1 14 66 15 65 12 18 88 78 82 38 92 45 60 69 22 73 67 64 85 91 21 48 0 84 3 42 57 30 70 26 51 63 71 11 27 97 5 54 13 16 19 80 98 93 39 96 6 36 94 99 61 43 9 50 35 33 2 89 87 23 24 76 46 44 79 72 7 8 25 41 4 81 77 75 95 31 58 62 86 52 37 56
TEST 28 ARG:86 23 96 65 2 71 0 38 7 63 98 41 26 94 92 90 77 35 47 89 29 34 5 88 83 82 18 12 57 70 52 50 39 48 93 44 64 3 20 25 95 40 99 10 75 54 91 73 85 79 19 28 14 30 43 16 11 33 87 17 53 67 66 24 56 6 9 97 68 27 55 72 49 62 46 4 76 81 60 42 22 69 59 51 1 78 80 37 21 15 74 13 32 8 36 31 84 45 61 58
TEST 29 ARG:37 97 38 75 23 9 59 61 91 2 18 21 84 42 66 68 70 40 41 32 5 1 43 35 98 76 96 62 20 29 46 11 88 19 26 45 44 24 17 10 72 55 53 47 49 16 67 86 0 3 30 50 57 77 73 60 95 31 81 92 33 48 99 51 87 78 12 80 36 7 79 85 63 56 8 82 13 4 93 14 6 71 89 74 83 90 34 64 15 54 22 25 65 94 39 58 69 27 28 52
TEST 30 ARG:33 89 56 25 19 55 76 69 40 1 9 83 62 18 11 88 15 36 84 50 7 95 93 41 67 98 53 16 73 81 57 30 52 80 10 90 0 49 12 58 29 24 66 71 61 75 26 94 96 20 32 51 72 54 27 3 31 78 23 63 14 8 74 68 44 5 4 13 47 82 17 6 59 87 42 97 91 46 45 77 70 28 92 22 79 99 38 60 86 37 21 48 64 2 85 43 34 65 35 39
TEST 31 ARG:44 32 45 53 36 47 80 74 61 46 63 64 25 15 20 5 58 19 77 37 51 76 54 81 11 4 14 2 30 96 65 86 67 48 18 89 83 49 24 35 55 40 59 41 21 93 85 66 1 92 79 43 78 29 82 71 3 97 88 95 28 84 6 75 7 8 91 94 17 73 42 26 31 87 16 33 13 90 99 50 9 72 68 62 57 60 23 38 69 70 39 0 12 27 56 22 98 52 34 10
TEST 32 ARG:10 4 75 0 21 56 97 17 93 94 78 98 52 44 8 64 18 24 72 34 67 57 48 85 49 37 9 46 3 42 40 76 1 77 2 22 63 14 15 28 31 71 60 70 88 20 87 53 83 27 65 61 86 82 19 89 26 47 62 73 81 16 7 80 32 13 92 74 54 12 91 43 29 25 38 69 6 96 41 51 55 50 66 35 79 45 23 90 30 58 11 59 33 5 39 36 84 95 99 68
TEST 33 ARG:35 48 29 16 42 86 30 70 87 83 68 82 33 85 96 66 50 77 23 80 92 65 73 84 28 49 52 53 76 6 31 63 98 44 22 95 8 19 94 32 40 88 59 36 1 45 2 5 74 79 21 71 0 14 67 93 39 61 56 51 11 15 54 37 27 90 34 89 99 75 81 58 38 18 9 64 20 4 24 26 17 55 72 97 91 60 78 13 3 10 43 41 12 25 47 57 7 62 46 69
TEST 34 ARG:29 9 89 46 86 74 92 75 1 10 15 14 83 84 3 33 76 62 45 38 34 98 90 40 72 28 20 66 26 19 39 27 70 78 8 81 21 59 47 48 5 16 6 35 95 11 65 53 57 25 99 43 96 60 17 85 18 0 67 50 61 94 97 77 79 42 55 49 58 63 54 88 24 91 87 2 68 73 82 51 93 4 23 80 32 7 31 71 37 69 64 13 22 30 52 44 12 56 41 36
TEST 35 ARG:83 99 51 97 24 46 66 45 35 11 95 82 77 43 30 52 62 2 41 5 88 4 0 75 22 96 58 98 12 19 87 50 60 13 55 37 44 91 59 33 76 34 56 80 39 71 74 73 81 27 17 89 57 10 93 15 1 64 18 14 36 94 69 23 26 29 85 9 70 79 72 6 67 63 78 42 3 21 86 20 8 68 61 49 54 53 65 48 38 90 31 28 84 7 92 32 25 16 40 47
TEST 36 ARG:16 46 79 21 55 29 38 47 37 67 66 85 4 36 89 82 73 13 34 11 74 7 68 19 32 2 53 44 50 61 40 31 86 28 98 14 0 77 91 84 18 71 45 51 35 76 65 69 17 25 48 90 80 92 59 10 56 62 24 3 60 27 42 75 39 9 97 93 5 1 26 49 70 58 52 22 43 81 87 78 63 33 23 95 6 41 57 15 20 30 72 99 88 8 83 12 94 54 96 64
TEST 37 ARG:17 25 5 83 45 18 79 72 73 19 87 21 15 37 96 30 24 61 93 53 40 56 77 69 74 99 13 38 12 36 55 32 78 65 9 20 68 82 46 52 23 44 41 7 63 86 2 75 92 80 54 3 89 22 26 67 33 4 42 95 90 29 10 39 58 6 88 94 76 70 66 51 81 34 1 48 35 8 57 14 50 71 91 16 98 0 64 49 84 59 60 62 27 85 43 47 97 31 28 11
TEST 38 ARG:31 64 24 14 23 63 54 42 96 48 82 55 58 94 59 22 70 18 9 6 43 79 5 17 86 91 1 61 3 38 56 40 89 34 12 4 90 8 30 83 37 87 98 41 95 88 62 19 45 44 29 13 73 60 52 25 84 16 47 26 11 57 53 99 97 32 35 72 77 0 81 33 80 75 85 36 68 15 74 69 39 50 67 20 21 46 93 71 10 7 27 28 2 92 78 66 49 76 51 65
TEST 39 ARG:60 83 45 58 55 85 76 21 14 66 73 13 18 72 9 94 54 33 34 97 32 16 75 36 92 17 37 81 39 63 29 98 51 35 62 23 77 67 38 78 86 95 64 28 88 80 71 19 56 1 69 99 79 91 84 46 25 20 87 30 61 6 26 24 49 53 40 70 47 10 15 3 89 22 7 4 11 68 52 74 31 12 50 57 42 43 96 0 5 44 59 93 8 82 90 2 41 48 27 65
TEST 40 ARG:19 24 53 86 98 77 33 95 69 3 96 90 16 59 93 44 67 20 41 66 42 27 17 74 85 30 50 87 4 58 18 0 43 75 26 72 39 2 13 47 10 14 9 31 84 8 35 73 32 94 63 40 49 65 82 70 12 57 11 15 68 81 83 80 6 1 89 25 22 91 38 28 78 64 71 34 7 45 54 48 92 55 61 52 37 88 51 56 97 99 76 21 62 46 29 5 23 60 36 79
TEST 41 ARG:97 78 57 70 15 12 29 56 53 35 27 1 36 4 99 25 30 14 49 58 62 28 48 83 51 86 7 61 52 76 73 54 64 74 95 37 31 71 72 96 65 45 87 41 42 81 44 39 69 40 46 79 55 23 85 3 8 77 82 10 43 33 9 89 13 20 50 94 80 17 21 34 63 91 67 68 22 11 47 92 90 0 26 59 93 16 24 66 84 88 98 5 18 32 2 60 75 38 6 19
TEST 42 ARG:40 32 13 10 49 72 79 84 50 55 21 36 85 76 70 87 29 16 51 15 3 23 22 2 43 81 53 59 28 60 82 6 48 8 42 77 95 5 9 65 33 58 97 44 83 54 34 92 91 14 80 86 57 56 7 18 63 73 47 11 1 41 38 88 12 94 46 61 39 37 96 30 67 17 35 93 89 69 90 62 68 31 66 78 71 26 27 24 99 19 75 98 74 45 20 64 52 4 0 25
TEST 43 ARG:98 12 87 8 59 68 43 56 54 46 28 47 70 74 26 19 11 33 17 84 67 57 30 45 10 4 72 2 21 32 51 83 6 3 15 55 37 94 99 73 20 9 91 61 93 60 5 35 27 22 29 63 58 66 97 38 81 23 0 16 78 36 18 92 42 71 69 89 75 76 82 48 31 77 25 86 96 41 34 24 80 39 79 62 53 14 52 65 88 1 40 90 49 64 85 7 50 13 95 44
TEST 44 ARG:79 45 54 48 17 52 71 57 38 5 9 76 10 39 7 44 47 41 66 32 70 42 94 89 37 93 30 62 16 58 29 82 23 35 53 91 14 97 64 65 90 15 86 69 78 4 36 11 19 63 26 49 18 61 21 77 24 50 99 22 87 51 84 40 85 12 98 75 81 27 20 95 74 2 96 72 31 60 6 56 8 28 59 80 88 67 3 68 13 43 83 55 92 46 25 0 34 1 33 73
TEST 45 ARG:95 97 64 9 68 5 25 51 50 4 59 32 38 24 99 34 26 44 84 74 11 83 36 62 15 63 30 41 28 67 92 16 80 94 49 42 23 73 2 85 33 54 20 43 21 7 6 12 71 79 96 40 57 22 89 77 65 76 61 60 18 27 66 55 46 75 0 91 69 52 17 45 53 3 98 87 47 37 70 72 14 8 88 90 93 81 10 1 58 82 35 29 78 39 86 31 19 56 48 13
TEST 46 ARG:41 87 51 38 37 63 35 76 26 62 65 1 56 4 0 50 58 64 11 40 28 61 68 69 7 96 98 45 49 77 54 17 94 86 95 12 75 70 85 88 13 5 43 67 97 79 23 29 18 19 24 74 90 14 99 66 10 8 93 53 83 34 6 89 91 3 39 21 9 92 60 2 48 42 16 36 72 25 59 15 80 47 82 55 52 44 20 22 73 71 84 30 33 46 27 78 57 31 32 81
TEST 47 ARG:65 72 51 4 71 96 94 52 24 91 8 59 83 11 0 54 40 79 86 53 84 76 22 95 26 17 16 45 89 74 85 32 38 56 15 92 48 58 13 67 35 23 3 20 66 9 31 99 82 73 77 62 21 78 5 64 75 30 29 80 61 33 50 60 7 97 87 27 39 10 46 28 88 98 19 18 34 6 25 47 2 81 68 70 37 49 42 14 90 1 12 57 44 63 93 43 41 55 36 69
TEST 48 ARG:67 10 52 23 0 22 98 1 47 44 12 40 32 55 7 61 72 66 24 29 3 79 2 84 70 5 4 91 85 53 37 30 59 15 21 74 6 60 62 36 77 46 78 96 43 88 65 97 64 17 41 49 31 93 18 87 45 35 80 99 14 83 25 92 26 11 90 75 58 56 76 86 81 16 34 68 71 13 48 95 94 28 69 57 8 42 33 63 82 19 39 27 9 38 20 73 51 50 54 89
TEST 49 ARG:76 66 84 5 73 86 95 68 4 35 40 49 88 30 7 13 89 74 57 98 75 12 79 54 48 78 2 28 8 65 87 1 17 45 25 50 23 11 91 41 81 15 67 44 3 42 10 32 9 46 20 21 29 80 18 93 6 24 83 58 90 92 55 47 16 99 69 52 37 71 22 38 96 56 85 64 39 62 97 63 60 59 53 34 19 82 72 61 14 26 94 70 31 27 77 43 36 0 33 51
TEST 50 ARG:7 78 54 68 66 20 60 97 70 16 28 24 43 81 21 44 29 84 3 32 82 0 69 25 6 59 71 77 22 11 73 8 87 36 33 91 48 2 90 5 38 37 64 80 67 61 74 47 98 13 26 39 76 23 55 88 31 27 65 35 30 56 10 95 89 41 49 92 58 52 12 85 1 14 94 53 86 46 40 63 51 34 79 99 9 4 62 42 17 19 15 83 75 45 96 93 72 18 57 50
